219
8428 16
99270 98176 71008 39847 24258 78117 47424 36602 31962 92701 33681 13466 93641 90875 92951 11796
1996 12
34632 30382 73587 26562 33775 63868 24317 67027 15683 83088 69113 40074
3408 10
72808 90131 1900 75755 52769 56881 37749 3429 60133 31704
7629 11
41662 46107 84700 92782 29847 75518 58322 45340 85034 63511 44723
9926 19
84581 28125 81947 83446 60582 64989 78372 61502 71798 93284 90990 96756 56215 51440 60362 31119 47992 85636 88696
1113 13
78953 92130 71738 29243 56563 52266 5952 87168 36323 47297 51111 70689 68200
2347 20
97212 5826 58160 12833 56651 15830 68990 154 73655 34633 34009 81311 5867 25196 76329 36611 52967 90660 18376 27492
9566 10
48216 76358 57624 65721 60741 85657 41865 3302 44518 52477
3650 12
53189 9220 19999 13681 61795 84962 59147 35380 19126 43650 84273 54281
385 19
2855 43379 19789 10430 27961 29176 35746 89658 85030 9421 78224 79563 20230 64935 71824 10835 46061 62077 75198
240 20
95355 37891 76683 69742 14528 69382 73126 63303 72409 54767 76863 88217 43496 1622 21367 90766 55689 28567 15674 49892
6851 20
67363 75112 13606 20274 34749 80767 58695 29042 88250 10621 7601 6744 75447 13616 19728 53761 88064 89482 10565 4614
54 16
81349 24468 1443 66803 49211 30585 67037 13920 42403 16396 25896 84312 97254 72890 50638 52778
69 13
92147 35067 52387 86023 61389 24952 5808 51531 11810 68154 65739 84681 61912
2730 20
91768 12548 8906 48575 54344 27652 17174 93833 70104 18595 40990 67025 60416 35101 71854 66784 18560 63811 76645 13444
6857 15
68854 70698 59017 716 62817 86539 86137 9302 61611 18415 20089 15612 63757 87451 98015
9629 17
33547 30591 8705 88717 76914 13258 29531 1721 18160 87028 56195 69054 50041 63036 51633 60819 37812
7647 10
48307 29782 42261 23555 30432 68095 23892 85007 64308 85014
75 12
72551 22522 19632 43652 92243 28878 28823 80304 45665 43815 90752 65236
689 17
68624 1684 35758 23254 25651 94276 96861 16153 16470 18401 49548 83589 39002 41102 44581 32873 83528
3298 13
79524 53145 44067 84479 27977 95305 84332 68128 66225 56286 84182 5825 61259
5427 14
70834 96387 60495 92912 48764 25335 33340 75811 95337 28677 37203 16191 13678 78939
5017 20
90889 6203 27933 8655 4551 4977 1990 20467 4919 17889 97297 46805 33967 85280 62360 54423 71607 31031 33319 90077
1551 19
51535 8504 60973 21609 57225 44066 4790 97265 88606 34746 9404 37223 2684 97317 57630 56068 41567 12481 68416
6218 16
97296 9772 78879 66609 71790 99660 36207 90010 28704 11167 21458 93996 26004 70536 18018 52549
9689 14
92443 24717 99039 52173 57232 41822 20901 99959 16618 25065 99017 26460 82941 52717
7753 19
58291 30923 86372 73238 40904 80803 98850 51085 66184 91502 1329 20565 92741 93271 54794 61078 77982 49273 42937
7407 17
41471 18397 19051 56070 75113 5091 46170 58136 64217 84012 17054 71967 90246 72956 65910 88573 99915
3659 11
49798 31524 92167 90038 10369 90912 39074 26962 81871 93110 34572
7370 17
7630 8449 42726 71647 1927 90353 90693 82378 35996 68464 51133 7984 4885 62651 30860 55520 40079
643 18
55374 23442 84711 71602 99460 73064 28243 1126 4375 8537 87427 39678 80377 16021 36961 62582 65144 81916
9806 20
51194 27565 7833 23799 17347 3034 5897 66069 49240 45685 26491 63040 66792 32539 25166 75753 5999 48636 90405 91531
998 19
84235 13501 71692 47095 84043 73761 94734 87016 5972 10341 75094 57320 62563 47320 62403 89149 528 88412 48139
1231 10
62763 69045 50913 84602 95083 90934 67879 93993 24078 46637
7586 17
49041 27731 46510 8613 13396 27049 80378 34950 18042 73573 72084 79780 84757 65559 9314 79659 95048
9422 15
41978 52134 31735 25135 34752 48424 4635 23606 23360 16162 87083 737 50055 2232 95760
7199 14
12935 61915 74428 62380 24487 60924 51920 14 38452 68792 76608 63115 27031 45151
3840 15
81718 77180 57288 35383 99721 16237 78316 16075 82945 85873 5334 21985 96164 22963 87178
1318 20
95654 81761 80494 10334 53550 33648 15196 57100 49411 98679 44748 97398 29097 31460 61901 55870 30334 99962 82763 14868
8972 18
53092 10030 71802 62478 73211 51830 77649 75702 14273 30077 16737 20421 41535 45606 17654 5849 85864 22086
8456 18
15356 57733 63525 75132 26636 82417 4362 99130 3184 22327 92738 586 82828 35882 12378 56892 81486 27441
5555 16
72557 3773 40617 53231 48511 21604 26780 43114 88406 41617 52666 5128 43089 44824 77368 15588
6833 13
98092 19467 133 61538 96624 18881 83173 98776 66898 34697 17035 18372 58466
1463 17
80195 32396 65170 33650 27997 88137 93555 3321 38005 57434 39425 55955 84897 55163 83059 62003 23948
5828 19
8329 86146 96799 19665 99593 26011 93889 92313 74067 71257 81474 3214 82543 32761 38708 83035 31959 6750 26996
6273 13
95368 64713 857 43226 12290 12008 97091 12488 62490 76040 75959 60312 5951
4208 15
53383 85074 77200 53764 67397 72542 67349 80713 87539 3478 79637 11273 47545 65336 10595
2786 14
99560 38790 15562 27246 55427 37310 34993 88803 10714 25368 53376 7537 29626 72419
4609 10
98779 31435 14716 4505 27165 45675 23197 64112 88403 18618
9249 18
86535 85493 45659 80125 61718 42290 53510 82320 5205 77057 45327 8408 39161 26252 46240 20760 77217 10290
1068 13
51243 3180 4131 71841 13243 43056 33363 54924 94162 54784 37593 82480 58139
2621 9
36375 98977 17450 39545 11533 80245 91131 64707 26623
9126 11
87725 95054 69043 7305 50558 92754 8598 64529 5381 5255 93125
9161 12
27959 59598 86004 28820 49010 58675 49589 63463 88825 22360 48675 43394
5934 12
93200 42818 20981 70280 61008 83879 10181 83038 784 2096 25573 43197
1267 20
34469 592 39525 17825 82685 66432 91226 67886 18473 2829 90776 13994 96082 40834 30878 9506 9453 62486 5885 53688
3785 18
57074 59935 45841 92936 78712 66502 87922 56971 83734 50592 22833 40279 31957 10155 74589 88880 35220 16133
5229 12
23585 40749 77406 70909 50471 22332 45569 70500 40015 92779 46851 33429
9679 12
99983 21988 72076 5315 57609 40355 29676 47337 15921 44680 14328 95311
8976 20
65931 10516 6077 12849 78872 11277 3108 73120 33228 43847 51487 935 64180 7834 99108 99779 89239 82073 74851 53060
8973 20
20203 75414 8089 82094 94822 43139 54002 42555 65888 76599 32010 35726 80592 52515 3804 6258 103 18526 72550 16911
9959 14
96191 77174 9752 98864 26480 44815 6915 20609 14715 4214 38560 58183 7285 52749
9259 19
91925 27456 8067 27699 75674 27425 59748 87543 74440 45917 61950 41786 88182 26841 10014 5466 56767 99710 52538
8524 17
74016 49198 57504 47402 55501 1256 43774 88200 11323 21150 71904 72968 20895 63307 14017 35140 17897
8738 17
36519 46844 69069 33701 92795 68221 41936 2052 485 20614 10840 42857 1081 89237 47390 34438 88550
322 14
37233 6746 98762 24630 47789 72500 52127 96607 22915 26229 86071 65870 11553 41345
359 13
30292 52966 82630 81152 39537 80041 1038 13565 41001 62847 29604 76634 49664
518 20
18559 28857 45991 91668 96228 83144 61006 39438 87760 15787 46188 72282 50495 23081 77244 49205 58061 2479 17225 77077
4707 13
95990 85339 66824 19297 32447 60478 17278 26328 43031 52851 51038 61388 22690
2007 19
8237 25632 81808 31316 35018 97125 41736 90276 12360 61414 9537 33004 86760 15539 68230 34283 65964 38015 71235
4343 10
14267 98181 7638 27144 98499 6854 51840 30423 2801 63682
8033 18
68909 90525 2919 73056 38348 87991 85106 44501 41502 55854 46948 29245 64948 26887 99271 88568 8024 86261
6767 16
38202 44190 26393 96093 48198 60472 82419 8860 42432 40514 46386 52410 85726 1299 27318 6143
3393 13
52569 63426 38047 89700 53682 80043 55160 83028 87456 17335 66582 14312 39087
2276 14
43859 22235 60061 28198 39529 49600 75298 80809 40974 16594 50057 53887 83080 59168
2509 10
15991 42915 72907 99990 63796 2006 16645 17423 14228 44888
3338 18
81041 88522 92852 57310 50358 29527 95500 38233 75423 73016 42090 18208 96339 79349 2571 7264 6544 52575
6535 11
36114 87029 37635 73654 90022 58169 85998 82449 86490 47292 41789
2926 15
766 58374 54429 43807 65807 71063 40328 1535 3508 73405 40243 38518 79790 64459 28810
6385 16
96401 74546 97321 27684 62682 21740 93346 98745 63619 63976 10866 43475 84616 73316 60313 91028
6352 18
49638 42358 77842 66726 65044 43860 23511 38972 34590 3993 31336 40118 61506 27570 64329 45271 95531 42176
1526 18
22533 17543 69806 55383 49380 75968 50207 60687 76068 52941 46236 97275 9957 6366 32737 90084 32302 69094
1870 17
92192 93475 32814 92730 7120 17983 9367 81883 97204 65523 772 36793 74884 92179 47604 46532 60250
4868 11
43937 93489 84747 18871 71536 26822 83325 98677 34537 29978 60537
3158 11
63923 74000 35969 65580 77539 16439 31781 45045 37816 36749 32626
9086 17
70550 60589 16136 130 4132 57292 52586 77493 47245 15158 68413 69144 91913 67525 71945 82063 4626
7142 16
35387 14558 51013 19387 69766 1536 76010 98014 27558 61807 5224 31774 1585 72642 43691 67052
3682 16
10616 16664 26532 35033 4716 90721 31207 13780 60921 60112 72719 98236 62604 4708 42226 39526
1587 17
92483 62849 28079 32324 70705 51741 94412 14232 58081 41283 45594 60721 12880 11356 24065 48070 54053
6694 13
71961 93434 78535 8661 6928 34659 81013 87237 95283 47023 29563 51500 27826
5664 19
26666 23990 71750 64089 23238 90558 99451 46966 56387 59453 47216 92874 35355 62042 48407 74449 79939 6082 89379
1812 20
86931 85113 54479 90159 66766 87679 89741 53322 87752 52496 40192 52135 38890 26813 81393 97811 89310 78702 65584 78892
4300 16
67648 16592 36569 46790 54399 76046 31061 64394 3956 11033 24425 40386 39613 14456 70905 31821
1008 17
27054 2818 78428 78515 84098 65480 16964 96445 27777 95842 52669 49419 31576 51508 56557 57938 13092
165 19
81958 70232 56855 78531 77356 91426 88798 78600 29967 76135 82111 77458 28355 37089 57068 71402 33518 51720 6338
6008 20
96729 34879 87851 60417 14507 29348 5250 43410 80558 79165 36282 29920 45867 54791 11410 84551 49132 65795 34661 24401
9250 13
40283 81473 22362 44363 50572 36413 85035 401 47229 64333 26902 91350 56990
5142 12
25283 72353 89850 56963 85622 98935 94670 38870 94091 84764 72067 21438
8882 17
73688 83117 39812 68935 60310 24495 95789 38180 77284 32131 60010 64412 25142 50808 92822 71145 73374
7343 13
46001 31099 41362 50309 80542 57678 23372 30079 40618 74988 60078 54622 40902
6235 20
85956 33564 10813 21213 74048 89751 44347 98310 20599 2510 89434 43368 16201 54675 23126 27975 67868 14188 78483 51514
6558 15
13742 63398 32443 38168 92593 18817 55430 20371 92724 8947 35358 29905 39113 1310 57102
645 13
3243 98599 6448 19778 34872 29121 35601 26267 41048 55001 18510 47155 84181
9437 17
84345 9563 78864 29046 44727 9879 42750 18572 26585 57399 63959 15267 79888 61983 22126 7993 54626
858 10
64479 54890 56199 23842 83065 22934 26965 48049 78640 16748
2187 14
64298 58501 99474 81748 74771 94012 90785 29389 24285 71719 36303 58897 37181 33483
2831 18
98578 34178 22273 45097 23139 95479 3628 47150 93596 93973 15419 87748 44596 19327 28660 38304 82123 27785
9781 12
66930 47602 81815 34317 48639 12902 78276 72280 28096 41292 80745 23325
7392 11
29265 12413 99762 6165 14046 57124 31634 53723 94898 41434 61742
6477 11
30083 93482 30467 34387 3333 10324 7617 54594 73936 55151 93840
4604 13
82423 39649 5038 66708 98772 63847 2724 41997 12035 97600 43924 15376 96775
5444 18
48021 2622 20854 53417 98166 17988 33361 48914 84560 6503 47063 61132 18787 65462 49271 3652 18930 10256
4844 13
62163 53528 68542 95477 14200 57653 33064 84617 24410 72477 15524 30271 92499
8849 13
97528 74292 19806 78663 99175 62967 88498 42341 5223 73029 43003 66520 36545
390 12
17443 84434 93428 40025 56865 14246 30038 58769 32055 56932 99637 96393
6370 19
427 46583 34253 37690 25601 48312 40362 84683 43840 93433 88380 18097 33734 32239 93870 60385 91160 3501 32566
400 12
61144 57054 10808 31075 14683 87873 40822 73180 50989 45706 35436 78204
1012 12
23111 33599 91776 59172 24508 83045 96698 52998 74354 30549 31213 984
9190 20
19799 36196 73766 18878 69650 6343 37077 96357 52626 82163 30253 50787 64270 81730 1958 50452 45448 26855 85464 36270
2900 12
42158 47321 28661 314 15207 63775 5624 51805 64218 71673 21725 8159
1306 16
49587 4434 11920 26765 62253 75924 75598 25357 10249 10073 1576 99346 99144 62833 61434 18406
9521 10
35008 95985 35497 93273 55020 13325 29728 94174 88757 18293
5518 10
39802 31128 59737 9698 53113 65759 33826 96274 3768 22482
2124 16
51097 86917 98474 89146 40359 8319 75291 53071 45414 73227 52177 79976 7134 17466 5909 65630
2044 20
27066 73699 63471 2766 79761 71861 84863 92294 29958 63723 59429 69976 90947 7230 64546 34336 89068 39554 25945 69029
1091 16
10702 69642 42433 85312 92944 36233 52327 94594 25877 89062 23855 88979 9902 79246 20787 68059
3218 13
86848 55521 1010 59691 95143 52401 84101 5162 46846 23405 23072 37840 97500
4658 13
96044 71242 9414 46938 12533 39637 23080 89209 2620 19343 7438 87964 2774
2093 12
58161 15301 91657 51882 81374 30567 82254 31262 71921 48718 59479 64266
5006 20
64415 54828 54408 53649 91079 68314 25614 95257 21514 6050 30427 35815 12938 50106 57867 76702 43268 18289 46101 39830
5094 17
4146 34413 66827 59218 45437 82605 49277 35863 35148 42126 80524 64846 67580 24566 73576 88548 68166
5840 11
39061 15468 9233 70067 7708 27613 12494 7579 18131 62095 8068
4216 12
99160 74349 90448 86874 97682 8104 74336 45588 48586 52650 63470 68366
7466 13
24447 85827 13826 13300 71446 58751 38969 16046 92083 55929 39625 87747 20898
9600 18
48526 67015 35134 99091 87758 64856 92817 53341 56260 78409 36851 77425 83775 84785 29343 19053 69973 84139
4741 14
68621 77687 79541 79975 60103 7262 30807 29095 11211 46894 88558 56904 14982 40058
3175 17
94408 30241 27942 53802 77147 80390 7023 37994 5361 35385 87567 97155 47318 36081 22989 12851 41960
1927 15
57500 91736 25473 45031 23592 33481 86437 32340 23729 27236 77772 73243 37925 40567 3347
5442 19
38414 39546 11185 19549 24380 88037 90500 31644 5966 84803 4414 76131 77040 65527 8369 1754 46339 50758 82770
1134 18
86112 20869 98064 23150 75431 97847 23881 56435 98053 58042 25465 64372 99114 73491 74091 54712 92712 30164
1466 12
20079 18454 5870 91699 82007 48583 98255 81197 17274 97446 40255 13167
1290 11
22202 75121 56662 86429 42661 17224 36690 23762 45281 88267 38405
9657 13
91483 21908 56772 42476 95708 15316 53488 79366 83238 49748 59324 96823 19761
5858 14
81031 89982 61045 86090 21832 44204 35106 36776 48787 90818 71667 83611 73185 25631
4426 16
83615 17391 49493 49222 26942 56976 55935 92276 50660 2047 54725 38032 4953 2486 38629 78751
5023 17
8667 13803 50887 87136 31201 57179 85676 73933 90649 54788 44869 72850 71227 82184 66078 42712 32205
9614 10
7825 35009 64146 10899 97583 83437 29772 81235 74250 5167
3163 20
60958 94062 96248 9937 18068 24492 2141 37797 38375 41173 20642 8824 71380 26781 44178 41984 61612 85243 39621 62759
4820 12
76438 7553 33462 59744 47110 16363 98860 41889 51353 23528 34392 44794
2933 10
37321 51994 48831 88362 22198 73492 74500 56416 7720 99932
1192 19
97350 46738 10881 6912 93879 72602 2495 40448 66298 7660 41635 73614 24015 93215 16515 24210 93095 57282 3642
7189 19
46994 26964 68642 62019 15573 92857 72117 17151 81636 80296 23384 86771 63674 96170 54477 20099 42169 36245 42935
688 16
7324 74377 17946 6101 22656 91812 60412 12536 43277 50065 71898 22826 81903 49316 30528 23263
874 18
47118 92719 89901 74413 13886 65360 16240 65799 20039 53057 74434 49933 19966 75422 92235 21087 34062 82426
6624 12
61135 64750 45683 86738 71019 78491 38905 65680 10286 16173 80062 75489
8180 13
98201 65147 50585 78188 54818 41992 2533 61325 9612 28946 75155 52039 95481
4819 10
99325 90984 31965 26213 557 60731 60756 81331 84548 75208
4656 17
26279 79388 66921 81859 87210 60443 3111 44478 10071 55114 68644 8354 65456 83099 60252 20809 88121
5663 15
47686 88330 71284 44330 56926 45285 37358 52013 71163 19879 11433 81716 62251 27257 44041
5908 13
68318 98233 76401 85511 11257 70351 97690 55604 41873 75011 36780 78996 93760
1181 11
5320 28899 74718 12567 4193 28042 78261 92124 29214 27377 83554
3358 20
4134 64746 49444 99469 88505 87713 50566 56633 8879 3125 76535 38521 42331 19128 51928 2243 509 93001 75103 52329
2999 16
83334 11324 36727 13755 19735 30010 58715 28479 61148 50107 65911 47046 37557 44434 55843 93224
1903 12
18107 97560 672 5242 12984 83885 14954 34099 72687 43250 34289 10986
2373 19
56102 60599 57460 80114 92511 99184 33766 29834 2562 60194 81065 5275 79075 42763 90410 91996 90475 12505 80700
5390 19
41659 83944 1629 98409 6763 41223 80485 32506 75021 26973 41258 96555 61675 46059 37734 91957 76674 5053 65140
9308 12
3306 91326 90102 16272 56228 76024 88640 13737 91396 56230 40543 28271
1817 11
81138 86213 5211 71909 83564 54196 31560 17796 79166 96901 47886
9134 18
44669 52253 46377 36801 89613 67811 67551 82551 67797 78146 57053 64323 42836 968 99977 39648 61407 13392
396 14
99307 3402 51247 59885 77475 80406 40102 29858 72713 75550 70800 69934 55748 77916
4600 10
70670 42989 8445 22180 37460 44640 62439 3579 69772 36120
8423 16
15879 90888 5489 41306 13393 83657 38085 22740 99761 22744 19160 47830 11968 14338 97865 29615
3327 13
85246 74246 90583 47152 27207 56706 4612 23936 31096 42854 43851 43911 91558
2366 15
49331 39807 31925 15075 93864 65455 1659 1973 51078 78503 49368 90125 77114 60684 6938
713 16
74248 96448 49475 45387 3566 89016 32643 91155 40408 82198 28713 76825 28565 61069 52742 8217
6651 15
71387 52850 21468 97922 47244 17235 42422 34061 74736 75521 24752 60822 51614 10564 56279
1969 20
36256 92789 11470 37785 36425 51253 29883 22896 69470 69385 77812 46941 88099 37280 16318 84262 68251 14936 36173 62422
8438 20
19863 48060 38585 53808 10531 66624 81484 89572 97309 84615 3114 32997 24174 28485 13091 32161 41446 68430 61081 31212
2826 17
89284 22339 9304 96238 52052 8700 94735 42833 27319 6595 65409 769 37111 40478 17651 42370 69989
4991 12
8806 11289 65617 12143 29939 40319 32386 65955 94539 6206 71099 99227
8450 19
46318 12668 28983 48071 42454 24474 44254 28509 48365 52759 96231 25301 65968 74610 60389 32778 40969 14602 18541
1907 11
32833 80149 60202 46720 48874 51976 23642 20878 87661 17083 99838
7734 19
23806 16254 25989 76638 41152 92277 73853 70372 47672 95683 12479 90738 42257 95387 59922 60539 10068 108 96541
3470 15
78132 23632 33836 46955 77800 44068 20222 83206 41087 88324 56067 73037 98740 72116 20558
5079 18
75525 39335 33243 92329 77706 40742 5740 22152 72914 51137 21014 78166 81583 89780 65431 56289 96146 76030
6071 10
66149 24260 26744 8851 69243 8331 89757 85117 14499 27645
4037 14
84441 90516 57868 36940 81436 10238 47427 25943 98773 79528 37484 54646 15345 56820
4142 12
68258 80979 69262 72571 34909 20499 35576 35790 67800 12593 1438 40387
3644 16
1817 61786 29163 34353 95866 19596 29824 8942 54716 8768 38337 89394 2771 77930 87659 16804
2131 19
4950 49793 57250 58267 70660 83882 32293 35568 5323 63610 60033 40821 96149 99241 98680 28303 96117 39127 30118
426 9
89569 98210 44266 48728 6427 34598 63707 69733 49744
7748 19
71239 29529 6903 35936 58724 9768 17877 5310 56177 19456 34170 81834 47953 90231 90146 9749 62119 47744 86220
9306 12
22966 22396 32342 44708 90894 47157 95861 19547 69169 98970 80450 34662
8471 17
35984 95942 56064 82112 88411 85198 55075 84197 94993 8621 33641 69879 94936 16276 34159 59116 96319
7253 14
31017 12126 7500 29308 50889 49344 57294 980 53818 87335 37258 36953 86415 88392
4895 14
93867 44937 88698 26707 35229 78650 72747 32581 14277 21696 98876 10040 41089 92307
2177 17
8328 55049 11461 31104 65697 66445 25679 87213 64068 68404 8483 74391 39013 25795 85483 48816 72534
7579 9
20713 4869 38358 15040 13707 90586 94363 14658 94876
2791 13
59542 9113 45527 79406 94423 35754 17394 3902 90458 237 17202 74206 19717
2037 12
70589 50694 17353 11349 35709 84588 59677 35150 73499 56896 41347 87759
9188 10
68249 6180 97307 31659 62816 24967 39482 34212 15639 89639
1596 15
43430 15116 75356 5745 25014 19531 76098 60540 99733 79620 29111 66979 2125 11141 30880
2405 10
90529 12715 63306 47038 23160 45317 37131 84313 74637 94650
1710 20
72811 97475 79794 23575 12570 69544 88922 24420 16624 40172 87730 8315 49003 28593 70407 82128 87138 54573 18689 81702
7325 15
50907 64475 50765 10541 50295 86616 35441 30357 78626 46360 51877 15623 83174 45772 51100
4987 13
85808 97016 82912 77044 21565 92545 83561 24986 10586 76805 25111 41791 19561
4255 19
81866 82795 67242 49819 64636 96564 4701 30433 86205 36939 72649 56287 43634 80831 86341 77860 26711 86820 63616
4543 13
13627 73702 52797 71611 2411 35916 74817 85921 11018 49878 491 8281 61900
988 11
25124 6369 94636 5653 79548 44001 51099 30576 82782 60135 680
5907 14
94829 57638 86553 14760 8164 8334 42866 33387 73383 44730 99556 23860 4250 67432
502 14
63241 89758 35952 1875 9270 5640 35353 72213 36532 85597 32577 23199 61131 652
86 19
3767 25588 36423 99786 92133 10795 72443 43935 47605 7957 42084 40976 49254 85049 96175 41539 62883 16121 7112
4077 14
36959 82847 80141 38701 31984 50568 49514 36514 57190 759 24347 30650 92882 10864
2036 19
34011 94494 51581 16038 40670 63312 4076 92696 83062 84093 81429 93088 98617 81755 83164 13604 27844 24556 45700
3229 15
74019 76434 65445 25510 43248 45081 99601 60149 10429 96380 9100 45433 35511 43290 14939
7280 15
6392 86327 38742 88372 24479 35778 35081 2535 80899 55355 1658 93565 5917 4380 5116
4386 20
81146 51559 51286 74910 8144 55589 2757 76411 20278 1441 70149 55159 58984 41057 41768 50686 25605 63486 53983 27770
3548 10
40089 18494 15037 62046 7620 43615 69461 72581 98495 85798
5134 8
10421 98153 68890 97582 73307 41570 79664 78271
