16
960 111
59494 94999 77346 17116 59873 79676 48693 33843 87445 31336 65075 52636 46174 12061 2051 54522 38070 46962 9546 39021 59962 63356 53154 89679 71219 42917 62456 49114 35120 21090 31978 50052 9421 74361 19431 7544 5475 64418 5725 54465 87712 265 23922 26599 3101 62564 54143 97687 9966 12806 84873 28768 74055 59943 50486 88364 99784 17016 11448 29567 946 48316 87227 12818 66862 32705 94952 66161 78074 63779 83591 42225 30117 76539 10869 59687 84810 44935 99308 54444 94718 15855 72223 44261 2488 51861 51196 52283 31496 48563 78036 43639 53485 10637 25355 107 54891 60256 39628 96093 84320 25961 10246 71564 5471 50403 52327 51876 4772 8638 97240
345 99
62120 70045 49783 47044 19434 38678 2793 81026 13096 58569 53371 58235 10102 14136 34081 11569 41904 53952 82196 47976 94392 48445 75269 71140 8460 13273 18780 83797 3643 38844 9844 89275 9072 57587 32086 57555 49726 93210 53331 35454 25046 60681 40688 909 86962 71301 27876 14529 52092 46239 58714 44631 43678 46830 2813 22031 79533 31543 12122 967 35146 62251 54833 85130 67453 27194 33481 18836 46541 54759 79204 91040 71580 698 54618 70269 77433 11155 25649 63367 59800 48436 32687 25490 16279 93506 4985 5633 90733 60044 67835 880 18924 70007 51657 46918 69386 32967 89511
104 54
22566 36575 54611 141 47165 59961 91627 4386 44980 75719 21149 21326 66805 98845 69418 87373 16248 93797 6276 35639 47235 3160 95619 86013 64295 51093 83204 57624 29692 20568 96734 37849 32099 86878 73823 22098 20911 81443 53550 54642 96133 94477 25208 46697 65174 22182 98458 13050 6582 68697 53039 49340 26272 80343
773 413
89321 99274 992 80875 82901 75996 23357 73247 47106 55064 64388 55465 2160 54359 1433 87020 48603 40332 53411 64226 62500 17957 61969 59528 76254 62853 69899 24544 4707 18 76815 5954 30500 26302 57597 22685 36156 14766 27160 6431 7865 95745 19322 340 55725 33144 76781 24959 32447 18694 48130 39026 5396 62080 18867 64855 43252 99582 34155 21067 19390 9250 84806 57725 63814 79816 43473 60291 71569 24255 40931 95708 34776 17818 76286 3227 6919 96812 22581 85998 13115 5703 9617 95228 74132 42710 61772 12595 53293 45291 82325 51228 79617 89712 37145 69938 1871 83921 73686 35249 8511 65029 89522 48299 15518 44945 57408 65974 19694 13329 50141 60062 80307 19499 60357 38554 55143 80567 83815 19722 64494 76312 91001 43335 35520 89292 68181 66995 72880 13108 70947 44374 44798 50775 17138 51993 71937 78980 15057 11912 35877 20407 44507 57059 49388 84781 40900 39739 78684 47246 58085 9426 84406 65072 35709 64038 87473 11948 45823 10818 91569 62261 37301 76853 59114 25659 33632 55724 84172 31686 13759 15093 82453 69951 2072 66 65832 37383 74422 19092 38525 72084 18587 22540 18359 2259 56309 83085 25807 45825 94678 62285 56414 25378 93634 16567 80110 51659 19898 14406 54273 85050 12476 56604 78908 28461 47729 33463 39750 32233 47808 33255 12628 24575 64335 20867 46121 17099 61749 69570 3447 57142 4419 12277 14586 68991 1933 57874 69003 1209 20311 36856 23917 37267 56525 1904 22122 21853 98531 72068 71440 13041 96306 9033 32600 70689 93012 78416 47531 51565 20947 97965 66056 60039 22849 14896 57360 62149 64331 64975 23163 89136 91564 60089 11321 30588 65491 9116 15369 56363 87995 84957 21772 10897 65945 5864 76369 2002 50750 90505 66333 27293 49498 75136 2547 16143 15486 74427 89177 95330 12367 3619 80308 45488 97602 72582 39234 89374 55010 54996 44909 15092 21651 59080 71093 64401 50344 79389 754 99424 84634 10184 57047 82171 21310 66865 8576 73705 71366 46287 87989 25949 17316 14955 88768 97600 90151 66423 96821 96323 70584 81216 34768 44107 90669 18450 16022 7525 68235 4123 56365 72888 98151 42368 72668 94839 38470 73031 45725 57091 96979 6583 62596 52749 16841 31810 80618 25085 48263 27761 28966 87179 62585 88687 11080 60699 92352 61371 32132 40416 75902 87844 77819 41749 52588 53506 89792 27971 38060 37690 26354 85862 69699 31799 80130 19769 85500 12658 8475 21198 14738 68147 10651 2756 58186 38865 39305 31355 61312 34911 62323 27480 65090 81533 91553 49589 36688 14048 90526 54699 55563 56430 75437
288 381
8470 77942 80173 30460 53985 55050 63652 25577 28087 55540 40308 57539 33614 14448 61874 32732 74056 26943 54010 6490 49511 88987 23356 20830 7567 74450 15757 93064 46188 39084 79862 87616 15636 97090 84940 64302 42557 83713 22556 20061 50844 18388 4296 16390 11741 95313 86166 75399 45835 5581 13611 42521 31608 66022 23235 97803 96620 56318 91591 62094 68478 48061 75088 44452 55564 29687 70063 33324 68694 2313 20286 8667 38654 81171 92320 6755 35855 55957 52489 99778 83245 24331 29609 8189 36171 60229 5314 17067 85871 23815 90745 77720 871 21014 53054 92307 91041 20782 75838 72333 26270 44117 36842 9006 91158 49318 15094 91212 28292 27301 60070 16384 43903 95470 40410 74663 5255 98244 94758 20660 90147 59892 65087 56212 61164 88846 37573 56091 66702 54288 49060 22299 36576 88100 75578 66288 36004 90184 11473 12915 55392 39407 76122 16928 272 6660 78150 57540 55063 64610 83175 10169 67542 55478 42141 70798 14690 10911 45452 73060 69942 66065 12610 25800 48833 56427 86829 55243 770 81845 90007 19329 99809 79899 9829 79896 38030 79956 77227 73006 65605 79543 12905 2929 78393 91955 54124 48864 92997 6930 7608 40744 16860 79023 12802 40448 7247 4319 28356 15187 32781 20658 65768 50346 93006 16483 72666 83483 19787 15962 93322 64849 32691 49641 89683 65978 27340 63813 75061 67168 4720 23402 5766 11197 30686 24646 77114 49569 34053 10316 59843 67000 90777 58980 11820 54771 8964 90872 44927 98375 20942 80968 27741 62981 91255 84995 33782 21402 20100 42433 6247 85951 69335 80949 15038 69302 80960 4280 33874 64093 58728 47981 88453 44210 45628 38661 42202 99352 8094 28994 94500 15188 37021 66035 99245 32552 3654 28230 61824 87203 9599 55487 87131 87627 2492 25874 86352 84749 94376 25736 71456 79563 56699 14826 11891 30725 22589 79296 16768 99175 38715 40501 51674 12651 9872 8349 94634 72049 60824 5523 6147 49322 76822 94403 69598 61052 80089 65 37142 23934 92567 88213 68505 44000 50382 19868 68395 54572 18519 12135 21689 65512 97774 27865 47914 67851 50484 99149 50508 49529 50559 78310 96275 13479 74901 529 31713 17255 77999 24550 42616 2098 43222 97691 64861 15590 21590 89172 52097 91150 82338 19591 25275 39999 93781 30084 58909 27772 41082 61768 87043 37629 89766 15407 5525 38823 86163 67610 46877 34277 19294
618 841
73214 46977 98639 97214 14312 50985 78154 95217 94273 21987 17629 72301 50776 85795 71742 50493 44167 54028 51541 49974 50663 8047 26191 45218 85385 86949 14438 24615 34800 87153 25081 33401 56718 56561 198 89730 10463 8716 80362 69406 78787 19502 15125 47570 18386 44771 35764 47551 75385 64642 87340 79439 1150 87361 50839 29250 79832 62543 77823 96524 26837 73161 74602 26048 29460 40049 67041 92171 79362 95756 66943 77360 35089 3286 85584 41236 79028 49476 63610 86825 18502 19109 65381 53765 58799 23950 13257 96707 80847 36921 28370 56488 25295 65380 38825 77018 90270 41076 81491 84884 76333 22088 13039 46144 69637 97051 47191 76706 89487 95239 36891 23555 22030 19187 21646 96604 48057 29118 95880 1608 84943 34884 87017 75221 10064 47167 14515 506 16089 96595 76069 19692 46177 8361 12273 92409 27657 91975 18392 22909 12254 85816 66868 11468 61472 86336 4504 94567 5234 71176 83794 50162 90873 73589 55235 22945 8437 64438 26563 98609 2862 61653 31244 44896 28697 36618 20758 2607 41119 21574 32390 51611 47061 90083 50068 84448 47702 60730 79104 99159 99065 65858 30540 7373 88013 43315 43174 56556 61549 1291 96628 31761 2731 31430 46774 94848 46332 23134 82619 6592 4528 46127 60261 16971 37544 48086 3655 17516 9166 23015 32703 60817 9613 66365 65609 48 89710 71906 10852 23705 62144 16787 56379 71028 93244 10733 31947 76791 17046 99394 47006 38451 45175 18657 9852 34281 31663 66460 82165 70408 47028 94223 68393 10229 44712 62338 73137 6915 68913 18321 40015 45231 45344 43561 9105 73261 51036 28098 53495 40680 82666 55997 65368 98457 16650 74082 83716 41814 55709 97193 19053 61961 98683 29809 6478 5538 65892 27522 44355 30612 29410 20798 59506 43470 22097 57936 16952 86305 29239 52449 78509 97787 56577 66687 53887 15526 40199 34754 89819 85310 46034 83821 34701 70206 48439 98066 20872 77810 30630 37811 1907 93115 60398 33745 58263 15454 17374 60144 28020 41587 30585 33612 61761 99066 5390 42655 79950 11762 2042 57146 63947 2849 26369 15797 71857 20440 44116 29441 29631 65289 22780 55640 32367 66390 24582 9677 37436 60101 12763 1667 87850 9146 82461 79142 66957 75526 2319 50470 16198 17144 64603 3320 42447 4549 51718 2908 82476 48768 12693 14119 24381 88015 27929 51946 34802 82617 59260 59372 35200 96048 18234 7641 54656 59384 89207 57625 52324 25180 58901 47199 72155 90846 42408 49860 4554 65773 460 72202 87377 70036 46832 47638 41039 40096 59232 62064 36266 94020 38551 55960 39486 75059 26479 4339 29417 33964 37108 63706 85405 75441 5160 98474 40513 9992 79840 27300 23528 49674 58119 19950 61110 15469 50549 69746 82477 63970 30922 95046 29612 91173 28870 84532 46518 7176 8751 2653 16929 21095 74323 25405 23593 37044 98754 80071 64086 28567 12776 85673 1806 85002 56592 35953 39747 50951 59195 97137 79403 36795 71207 41959 22774 23560 80197 99334 72502 43630 23642 14216 76568 58681 32953 99392 21585 68266 22984 78325 64692 659 43900 85789 14919 36452 1744 24752 57365 22026 26434 55919 75223 97465 31390 51273 29202 13785 82048 57835 15634 16191 70578 1344 75858 21440 63600 20601 74556 3956 20603 87701 12286 44851 95903 85700 43899 47446 90746 2902 38907 99183 18860 29337 23495 33049 61240 79559 41140 88872 27535 14372 74302 99275 34322 97944 20999 85063 8495 99728 31881 62761 33952 82525 35909 64146 86347 21763 47371 80338 17322 73386 13707 65249 20776 39131 25337 98604 42967 82006 13980 71142 39586 80948 28952 5513 12285 78804 48231 9247 94326 6653 8848 67238 42566 38105 39525 32344 79070 87879 73991 79850 10547 70364 62809 78323 38999 13913 64626 99204 14774 63515 43892 87729 12991 96396 92811 95101 84863 65015 33834 95683 55197 85828 46773 1350 77047 79576 29901 99385 32053 22657 18785 46362 57057 4660 36091 47972 20592 21915 93956 7309 80412 75260 95654 81229 95279 83296 68885 78774 23311 24846 42727 2103 52659 84901 52411 61656 85395 45465 82926 42174 45831 63091 13083 40644 68909 68864 43840 82790 5908 57083 95921 30863 92670 32999 37463 84474 51938 17081 4838 99192 52975 26204 56866 93814 56235 27353 27328 72673 62334 45605 72662 4181 17844 99223 7000 42414 72891 91492 37293 169 79939 34696 70941 66878 84139 81901 97557 55277 96155 96154 11367 52535 11725 41850 57675 77907 29913 77293 87867 89715 55998 85886 96220 65981 83271 76335 17078 7981 52010 92376 49647 38614 41893 19358 61149 1053 1607 70384 77153 87678 65640 20072 37437 30487 84980 14517 22348 69713 14941 79819 92998 57089 94103 89545 51656 83806 27228 96467 97805 20649 68324 25597 73480 2317 88229 22359 69031 66797 73410 39103 59612 8032 6686 46151 7938 83950 94793 27164 21155 66532 11823 24275 6391 79781 10110 26401 18808 80738 91691 24770 42736 9616 24268 7187 3313 78775 95172 39291 99459 37503 31343 69283 99351 15312 44962 63944 11394 51752 20800 74386 44227 24108 76355 7908 66587 7145 73077 52733 59320 31775 76303 53207 54213 68426 25447 9235 39220 48613 70133 57963 27062 67666 32586 53291 16144 17950 77842 91519 62700 43126 23330 12581 13120 21396 41879 19799 58727 11809 64856 74348 48143 1158 26803
563 789
1813 91241 34650 78712 76386 47788 51130 42800 42252 16189 78578 77001 34937 80047 6764 74872 85493 37411 51780 15889 5202 3815 55060 47195 23362 55733 60355 53524 81256 83808 91574 51379 98127 64455 48658 18883 76610 11355 90710 64203 62196 91911 19850 54607 24070 25622 91673 969 5276 9796 93314 40573 40054 39130 7515 74515 83061 12447 38973 19920 39090 73595 34183 31956 90258 60414 7232 71329 60020 97654 83788 53472 43935 31569 68376 62176 61836 72120 36442 90003 8479 33466 70341 46655 56605 40124 3242 3788 60594 22913 58331 74747 10091 25164 98971 35388 12490 33606 10214 42754 27583 64434 75107 88166 72363 15761 22642 86578 10048 23870 43584 54843 33442 62661 32726 75224 83742 38893 61767 74749 88618 9271 89864 52722 9262 32190 94983 27230 28815 57494 30834 8006 47125 68194 36343 16473 19940 48585 8829 45872 5105 35716 76137 25685 1626 93776 94049 8155 23304 29820 95815 33798 85299 99053 56189 73835 51867 56685 95837 86675 41386 40817 49329 80085 14575 63237 40901 93740 75311 26235 88303 57583 82773 49065 7755 31137 37256 37758 88424 43056 28926 85995 55059 16332 6722 41975 13473 91461 36177 75394 95308 19287 63301 63225 55226 67211 49272 22829 79419 39483 82805 9851 6828 70618 8254 46941 2772 63820 76929 62156 11836 939 9899 76340 74620 17921 3560 94831 90564 39432 69995 38751 29420 67061 75851 36165 79360 13712 82495 67893 77743 40653 84888 45945 36767 89149 12846 40088 5226 4765 76699 81380 17866 43089 18731 91144 86089 51399 18900 51964 39756 66531 54080 53163 18993 37932 30763 58867 75703 24977 46191 31460 34630 3112 5218 44515 71051 69243 14616 43660 21854 12294 45967 54104 45483 9056 89979 20460 71695 95598 37603 79344 74173 34936 39677 70473 47024 93280 6080 29170 85654 35689 408 34399 47921 37150 24450 41635 92527 32042 2933 13612 28850 4199 93330 59491 83569 26846 1597 17401 75293 76662 42875 5308 8653 51121 49439 56879 74123 30259 90514 82526 2758 69341 89856 37535 73776 94042 51922 11482 75796 35795 15957 40334 66382 88322 24873 64617 11747 75587 78506 41102 22830 43450 8671 93353 566 14865 25846 10507 96134 98842 67189 68689 59124 61490 8881 65678 53950 32978 99675 99102 40449 57945 65618 33074 41460 5030 28458 51628 65516 4472 70743 92005 58282 2749 72074 45321 75023 88068 2805 55069 71668 43636 44579 6171 36823 75095 76079 24064 47855 56682 88880 47440 64528 47949 45803 44366 57716 80577 91677 9236 48244 93579 72788 64412 44121 52686 12876 60427 1596 96650 6086 39071 88704 783 95183 43191 45909 34143 36103 18868 66487 15378 9270 33877 1321 31748 61907 53601 33148 68539 95137 31897 20105 54006 7974 66218 28620 37315 48339 36477 77774 30012 51783 2830 10987 97070 14490 76374 72952 47291 62210 10951 83963 35207 67441 53174 92202 7690 88782 59862 53343 55112 87318 39768 33690 93325 53292 40753 15990 32048 23078 33418 95057 87993 20314 13058 98583 39680 23036 36831 68349 29957 74413 4484 91078 21533 91361 44248 16105 29816 36773 38930 95879 69888 21276 45340 29474 3000 82330 83923 70559 89368 60364 29008 94837 87082 50212 53489 97318 12222 94803 78730 4128 93820 6551 12564 37976 46505 53218 73241 39336 80442 96386 76820 97367 20858 1348 2483 39773 90263 18357 67872 2086 71054 40434 82995 49009 83562 75621 94310 60099 18116 21379 5020 91746 59746 29303 1418 96711 66684 59119 88597 20969 87543 13909 43480 21393 45768 70745 96012 10028 65666 79273 28038 16127 78581 24063 39951 93297 70307 36398 99676 66980 30837 151 97355 91563 31067 1170 47014 31198 15383 728 78654 27898 19117 83811 88600 99199 10868 73819 4079 24864 49313 12604 54039 66075 74283 3494 91978 35981 50466 88929 11328 45455 24590 19758 97160 3689 77244 155 8696 93813 69556 36519 51296 2056 8523 96472 89786 29873 79047 73226 94383 57459 4973 89382 8788 48775 88554 8165 43625 23947 69577 54945 59910 26385 33432 69674 59083 83501 72034 77366 26952 38555 45559 40204 28251 34739 78466 85415 76638 66439 36364 98286 73128 41420 36246 19569 19652 14750 99909 10722 23289 88758 3950 79169 69373 90288 13992 47951 7528 19539 22233 38068 40566 23234 68285 5585 28671 64772 43727 76950 76143 69105 71279 75029 43834 14036 90845 31267 83329 27124 93424 92356 42573 57556 37931 17006 43617 3060 12044 54410 73252 73955 92817 55763 92990 60671 11423 74604 14441 32612 79189 2626 40283 3731 51295 21192 35055 69512 62777 54893 43713 25902 52208 31656 34663 61856 62617 5430 96673 87201 71741 73479 55588 86971 5022 62767 20142 98064 30568 52015 67816 54058 86551 46989 51000 13803 8116 60775 3723 83674 21696 22670 92419 25710 28202 12175 34750 48336 95538 17010 36121 27315 97383 45377 8652 13878 71566 57420 84740 54709 25249 29760 8278 62632 48076 37796 60363 38482 22398 92488 29149 93220 40761 59409
604 291
73055 18574 91899 78569 18342 10531 9921 73381 77251 63803 62387 11951 81245 73106 97362 50236 50716 56015 43487 99234 2123 48629 63992 23061 49025 79600 71437 59206 32442 30956 93430 46220 12797 51913 41055 15697 97297 15266 96207 12572 44023 9118 53149 17367 52941 47389 61591 63757 11231 91258 4502 37176 63024 2519 17195 85472 81458 42234 61796 8745 75222 5137 56958 98852 69820 80675 85883 24756 10475 89037 94879 1416 22985 46979 69547 84204 56678 5623 35588 79946 78029 77019 35232 88264 98644 60603 98954 21652 67928 4589 18985 77161 35330 47511 32449 36504 90348 61618 80626 62628 18315 52124 76161 53180 47327 39692 42378 25560 26005 12833 23231 28145 63900 12010 35801 8414 63624 9519 43980 10345 81115 39961 89777 13840 89849 70426 3049 26602 33293 11643 78271 52974 48178 29817 17809 49456 59438 39197 35320 27986 54336 30227 8675 68696 66605 91853 30721 60033 78249 41303 59390 34959 56823 54084 23806 46349 99283 20231 44115 31407 5378 50845 36970 15831 95402 68634 97590 56667 85072 41091 4377 46275 85296 21317 14087 19715 89826 24347 47793 96266 34503 59761 48122 8518 71905 10575 42717 19392 82376 49970 48418 47249 8079 70753 3116 83117 77141 30826 60795 13336 8760 50811 81052 88099 96196 77711 70517 51753 70950 49197 67662 69856 67049 66168 82112 51111 87834 50128 35779 70317 52084 99463 11675 48588 97972 70878 18649 922 87385 92557 38172 2747 32635 32862 94099 54973 12810 54603 93267 16617 56540 90741 54772 44220 56211 46567 66041 35370 33452 14697 48665 14028 47623 86367 47944 85264 60036 17214 23354 56276 86185 23981 53193 80378 14951 3887 39332 20545 66195 93334 95370 40397 15770 71932 33280 1593 31093 64712 95039 38867 99202 39041 37190 51575 78518 15334 80044 3061 81769 83629 88710
153 124
23857 85924 17916 65000 33827 69907 12326 5841 58395 87884 71010 19406 88754 97293 92921 93447 70985 74915 94005 85557 25536 66691 57210 19820 21348 81340 23789 73605 45553 76540 35907 45422 35461 31833 60136 99514 5630 41302 82025 60313 61210 25204 40754 92772 83074 43648 72042 95434 72235 35956 16810 60192 38527 98993 25545 88664 38162 29110 62092 96191 67895 55867 30433 42747 73312 37037 2795 69612 68936 43976 24082 4687 83165 89653 83707 82909 48289 64357 39365 61998 62536 95253 60065 55589 42672 95680 63471 38997 70138 69325 65173 74538 55539 50155 73898 86230 31103 31613 58134 81942 50731 6603 22851 67420 5567 60896 34468 23461 63567 20643 87795 8019 42473 31629 91739 25701 58936 98906 74665 17428 54575 31296 48237 76992
541 343
65596 76892 80177 7218 38718 68680 56509 22669 78456 14568 78909 30199 20249 19106 97855 10591 41767 22767 15353 61138 43828 3417 81137 47116 44684 6036 10727 45870 87626 2752 55461 10896 42792 78383 19910 70184 32212 70848 39842 74980 77717 69780 55931 79269 45399 83249 67654 31344 27056 63845 75825 64202 99993 2308 15149 67992 25220 79529 41043 94955 71775 69693 81847 65010 95285 71518 72496 69789 62786 43586 87651 90654 87258 7264 54504 86243 24918 92955 97247 38234 87659 28791 76512 74549 58479 91259 1276 39738 50448 29324 78614 96937 83012 94973 59795 83091 13600 7660 28916 63394 77334 47289 65329 23618 16188 94598 80973 38876 33299 85752 39087 97597 34089 99491 88683 77151 16708 78199 49051 76902 53040 52191 17561 97384 19003 60347 54643 89821 12585 44404 57005 95975 73594 85964 17528 7258 45680 86098 61146 14326 9016 39415 23713 346 14671 75469 32932 95066 76631 9046 39418 97860 16115 25793 1130 67424 75563 21026 32652 95557 65837 59954 50713 28856 31760 73946 11286 53341 67580 92722 16680 35863 79020 73317 53330 76801 88049 33360 14142 53936 93668 59906 77622 54272 84120 52333 76544 40779 44288 49709 12525 68414 55783 82658 95352 21406 50287 47383 50782 17377 79107 81253 4638 16420 28681 59079 49211 62538 7412 83791 89682 38635 72338 57066 77964 33832 28494 58953 72254 56696 17976 57120 74687 8430 61669 91123 67600 54035 34240 43203 43399 39892 73520 69073 32384 60293 81305 77091 51021 55323 88902 24554 92781 44588 16324 97246 58748 1160 12442 64668 52321 6146 22717 66803 79458 84395 75163 20785 86733 46688 53385 90725 34367 48413 3755 89107 11104 32148 3889 1096 60127 69594 45043 46281 2551 73007 6647 41681 99971 46767 8012 81919 14308 39140 82289 3063 59878 12923 25265 41013 73376 6634 32474 52841 90084 40206 50983 91905 13918 36754 68881 95074 63738 54353 49716 65006 28866 25732 98229 4260 78011 91434 78140 41058 24247 86958 90020 38245 6906 82871 32944 10565 59166 90697 32536 49539 42126 37514 23747 76493 26660 60650 27692 68069 7250 93834 29368 31884 70150 59191 69077 83183 42611
201 663
35478 30242 77196 31908 83536 17674 2207 80182 94167 29407 33999 28016 59395 64148 78103 85681 77060 14415 5139 30088 69503 8567 12338 8140 25725 69738 36071 8906 10684 18119 91341 62270 99669 51165 50708 13295 76197 36947 69905 47719 78946 3008 75896 19990 48476 58313 1892 99781 79512 4691 37307 37372 95024 75342 87448 36237 45444 99981 91793 57447 40260 90310 47684 55293 78398 75674 41028 99732 41730 87319 12031 52943 11922 18929 76153 75067 82678 74909 85899 98409 21831 24785 19867 25969 53755 74052 57029 42729 98739 89195 83426 37036 15243 34302 44152 96076 82647 72746 34863 51029 64700 9653 56090 56238 1559 96079 56136 7099 11577 37114 83461 35139 73314 25252 63864 93931 98385 53124 99581 67880 72710 64976 13641 82043 93739 8951 24276 537 43065 88648 29374 74911 30322 6967 60618 28874 12154 29185 96092 14242 28175 50262 80505 68184 70500 22683 6279 37883 82971 16704 51999 73890 1037 8623 94724 20486 10544 15185 99517 76065 76283 78321 29952 63153 52777 63745 72019 99652 56607 10879 61555 43818 75633 91433 12859 44599 70981 94563 89225 466 67151 47652 24727 76805 46440 87344 77713 36671 6419 19823 81178 18209 70360 82882 89946 26904 90562 14973 45451 88794 29853 96326 49955 58622 67111 39416 95811 71340 86682 73864 33168 76448 2093 93069 80479 23080 91874 16509 50690 90897 95970 92441 19138 21844 98895 35039 23966 59387 78422 92626 52079 28386 17082 38268 27503 16731 84364 64717 94656 70937 20376 52964 64395 54599 9605 69623 52552 63312 16703 30961 92865 35368 33234 99341 74590 86738 30894 53544 69468 93428 61076 27338 29430 39246 59570 48174 68900 53667 85352 98610 45689 39516 41514 92723 71726 1976 56239 40732 65815 92748 32125 10449 39875 95567 42359 82350 51884 56521 12436 32934 40716 33882 90156 31547 6533 33872 83446 91156 18433 53059 94244 65204 94916 14419 70546 92240 57962 93256 53266 16079 89797 73151 10407 99847 47606 70345 26164 501 6922 43611 11867 69647 9160 18972 99035 69522 31530 62721 72130 90208 69886 61612 6266 29124 47473 17483 95295 90696 13520 86124 49288 31462 31615 55991 71679 66592 8741 59263 77262 12722 8364 17555 12177 68999 67714 98313 58585 84992 50016 10859 7497 32748 60683 45928 71011 93184 29077 50797 87491 27679 82651 95655 87376 19790 57580 1536 70813 8250 4230 25878 60762 4068 492 76535 53817 69060 60579 4259 50367 70048 72488 65950 30492 97133 17723 64698 13047 4648 83588 74483 91075 66193 27714 98281 72228 92688 28758 48451 97976 26949 26307 83626 96505 29227 79305 44264 65554 90472 67308 99695 92574 46893 71717 19330 87102 7870 59481 6745 82142 2965 79052 71683 15384 51996 36838 55082 55636 81273 60643 67384 15969 35864 42541 81127 51205 80712 74193 16892 52718 85992 8622 70962 87476 71262 20636 27416 81375 61713 17707 97886 50857 27193 21127 3086 39882 16273 64012 43224 85007 5955 73659 47310 81487 3996 43120 88713 45124 4762 54887 48348 30477 96325 79984 87973 86945 38949 55253 11005 34733 28085 97187 75338 53783 68850 54427 35921 68009 1784 37898 61260 3370 61356 70210 89884 38445 51971 61120 17387 25462 5575 93716 93422 34389 74 72250 91735 63605 72380 35052 18494 39966 51743 98094 56223 403 6599 39287 67665 82975 92241 28354 15050 66514 1896 1003 85270 88616 64055 72266 34618 28491 90543 32318 96370 96210 52104 41776 64867 65783 60569 31625 69131 74081 50856 13800 38345 44682 39851 47164 31816 40313 49236 11478 41086 51966 27866 9097 31941 33464 82261 33490 62627 92695 26336 26047 58406 59707 69365 51969 39610 92359 85364 80332 32759 58862 77421 38327 43481 75011 26355 62484 90874 99563 27 15720 14334 72706 42012 99650 49807 44375 99869 78871 89017 29453 5279 41625 79507 16500 85176 17612 93748 59577 84468 89254 98434 48064 3632 89401 80680 82275 12392 52099 90907 40544 31006 55423 47625 91290 93215 6193 32079 77187 3147 5447 42389 62450 78241 24495 73756 95249 57743 23269 23519 57906 7183 73328 33808 64953 82087 60091 30683 68980 22441 36278 22615 14369 78662 11960 84382 31464 57654 20424
219 677
68854 69871 46037 69724 98466 91863 85068 31583 37700 56530 10108 52021 82522 70166 30238 42601 71457 24197 82556 81154 20144 61829 72203 23336 39587 16843 71632 90948 50620 76078 1182 79772 96112 49253 74278 56118 34224 66849 4960 13678 57548 12706 15603 30607 75949 28427 20642 97744 22936 19490 79915 67955 59697 26648 78438 91977 60670 54166 41352 98072 88589 39627 32441 16656 43209 97862 12779 23725 14042 99157 5947 88363 4932 51749 19495 66942 91556 99908 83848 92401 84797 35407 38875 95691 12347 30946 94878 90161 8973 41642 75128 61116 71934 12380 6548 58963 45125 99628 3128 14939 17987 48459 36770 22674 24274 83601 88938 36173 64477 26941 96556 69802 29986 13584 75869 99495 47104 16541 58782 19065 57909 77519 4211 49795 40009 39642 23702 67160 55477 60207 52346 57428 37449 53132 14535 25618 44670 28365 1867 74460 28625 31038 78965 96292 9784 51807 65266 87553 96553 43122 17015 13859 72224 72924 45328 94319 57829 39139 29335 10044 58568 71252 87084 10821 10634 55476 65814 11441 37177 20519 35878 74531 63616 53696 83976 4820 5284 49891 92028 42991 4032 31907 43981 11612 44099 44024 25899 27226 405 18612 43707 85022 83832 28626 99128 83090 76841 65647 79790 40409 37993 36181 68642 35991 31284 56123 22661 17285 18740 2229 12148 62866 35670 98276 85134 29308 96638 32155 87516 42069 36496 19315 72589 22710 22222 6812 1568 99256 92501 48567 75485 48811 39673 14251 89954 43926 36039 74711 95167 64117 33031 24638 70507 76838 22600 82200 42586 63043 4595 68870 74039 1661 28683 52844 87644 81936 91131 62478 6699 86055 39411 4142 87189 75776 8531 96691 82374 13076 83174 75068 28836 49309 97517 56154 88989 11937 83885 76645 15987 57910 19403 36642 99867 45988 44402 29906 88537 10717 12988 63988 22565 43987 47016 12640 37269 45271 58722 63035 31971 52695 91316 91697 24737 2850 70903 13510 26228 49556 36404 84831 17998 54571 18250 51311 24591 50813 98309 6267 84692 48791 62530 86731 7774 74557 41541 17769 20351 41231 89769 9355 4089 16613 72664 28899 3482 52436 58678 12513 1119 46669 92163 98486 57972 14366 3378 36821 36148 21958 70703 93971 77893 10208 58112 40676 47836 42390 13395 83988 24788 29977 47550 83857 93610 52551 6135 56464 20738 45059 81926 14719 18838 49019 53645 11788 45863 92940 82011 41802 55569 6528 60761 68065 32565 8109 66707 41320 48253 93954 18150 62918 3074 99492 41240 76748 35687 99530 60425 56115 59529 4928 18295 51792 3209 85338 17807 37275 22981 36159 60054 26135 63550 19002 60968 95672 29339 91347 86763 51315 6784 78368 61587 37842 26362 28865 60151 92682 6234 94158 36769 39107 10066 81821 48474 25167 34337 56320 69124 4763 24046 3446 31178 70168 25836 60359 62287 33810 65881 68568 66179 34611 35275 4025 84606 73394 47837 71877 53130 11662 70141 72499 89809 59139 64000 89244 26226 61324 42887 67262 27085 57615 48205 83998 93780 37003 97916 40848 18010 64607 80825 26687 18261 71326 14550 57609 27765 85120 95752 79639 36580 5512 25492 89636 25941 7083 99841 13750 68607 29279 80658 91859 78714 86440 82055 96315 70267 72284 78153 65685 75268 90092 67575 42909 66335 54553 10057 64751 97970 42132 93305 58243 67226 6042 63891 94349 49799 87630 92902 65039 57241 27068 94572 16184 5782 67 69582 71222 18171 7561 89297 19218 2493 78148 75947 56413 14309 34987 89334 14310 11532 21961 79304 40562 57324 79815 79209 8191 37971 76418 75134 58818 35549 11625 63701 26705 52623 51386 54775 15442 67505 38343 47386 91808 12391 79680 82570 76316 28351 37540 36365 23902 37178 74327 25765 86489 71744 38795 3797 58956 12505 78044 48599 34685 18238 79689 440 36820 8968 29652 75054 47092 88103 32557 87862 31226 68449 9314 10631 34746 39746 2621 60453 43471 17578 16654 50365 47730 66026 52978 78484 94826 42070 75826 58505 98496 25440 81737 33620 39439 63658 85535 95788 54181 63052 28940 40899 28521 94156 68125 23977 32751 92693 43058 91990 1459 72600 72958 1601 38315 58752 23814 30182 74250 43284 20983 44516 34661 87927 14155 79039 38966 14453 99979 17530 38462 5312 803 64819 69729 26203 6532 20316 23739 58336 4571 13617 97135 24511
645 15
17206 19201 55827 25420 27327 41610 5871 99709 98958 75243 25857 40430 70748 5428 94335
517 603
779 26969 32303 26031 80976 74684 91179 14440 39063 24886 2420 53939 69810 70652 40444 70816 31574 71446 39160 77524 89505 58107 17218 96593 45286 16086 31255 42970 77286 54455 20262 47859 93416 72247 27918 47500 67890 48537 25931 78372 41643 58859 4336 24837 92951 26449 98335 34743 1361 94043 69367 41089 9004 96893 85697 53091 14003 62159 42140 57775 28515 84813 15883 79900 6953 83266 40415 71969 11605 96349 58347 71785 77552 7005 9750 53249 94209 52782 23662 86664 840 67051 27310 78521 46906 24412 93934 60960 860 71729 9156 72748 88279 74767 51855 80453 41928 83146 32287 24477 35969 98131 81246 4677 87161 97535 99536 67943 97502 9190 31540 84176 21784 8435 17598 68807 89569 98825 96023 72449 5884 67664 36072 36324 26782 7514 80243 68234 10147 61273 66023 34533 75225 95586 24701 86318 65747 76067 86435 12336 18968 99479 53001 90119 93985 24228 18939 72624 49270 93059 87578 74428 33301 10993 96283 84900 93119 84394 82941 54370 24744 34865 78414 7226 49696 88146 21695 87260 38054 70003 91221 44330 71981 43959 10646 84338 70919 92769 60632 47042 48328 90287 39711 91754 42353 86888 34042 29174 82442 88411 22029 83795 54420 27109 70577 15778 82445 28453 60912 89869 48307 12843 88722 79060 88293 58787 35788 23543 54135 65827 4002 67856 59860 8519 10166 64044 73563 864 36762 39269 65893 68059 41572 75465 48033 81844 32032 17039 41669 80990 17947 62115 17683 79531 61019 93950 9303 19268 53255 88541 64983 83571 81297 43081 92846 76055 88176 77142 37894 59287 61464 63716 46217 63209 33981 54100 70054 57767 30656 75080 44219 21054 96156 23174 54321 32611 27028 7425 93639 18098 56445 90579 26346 19981 56146 184 63241 52948 44454 25589 41664 65058 22312 4490 53673 54744 13113 4443 70126 30401 66650 33076 94662 39216 56055 4517 61425 58684 80791 67514 65463 77098 92737 93967 60434 31909 53412 6976 60478 58280 57011 86927 10318 89662 28743 63863 5012 51585 62535 51546 96890 4117 29584 28674 83467 52878 58780 45767 94516 92838 15844 53072 8514 84263 61285 47318 83393 70479 94482 38850 53860 74266 44280 62116 36316 72033 98227 91599 56882 37379 83703 3105 18413 70237 11416 53298 76111 58368 74863 62740 92314 96782 57260 81848 20974 5382 96865 34594 17378 87058 65210 68875 12911 6396 41966 87426 68720 27788 51240 72045 25367 37199 20444 57140 61477 70624 78281 26345 33498 48786 82080 29767 95906 56522 74634 87811 60252 38290 84584 63660 11022 24003 86287 42297 86981 37775 56424 47519 81743 89178 33661 16400 72803 66226 40419 37187 35693 11194 67552 41554 1721 12697 13213 71144 97739 54683 4725 9548 86892 8800 2249 27844 73733 618 64237 81925 66972 90653 25911 38989 3012 97820 43838 12950 93219 57738 58169 56284 75977 48298 86555 33655 68879 10059 55196 5192 68010 66850 54948 11404 11589 36493 56439 25680 92876 9126 8756 36913 12430 73030 32327 94989 29127 65727 70664 59515 76336 32538 66231 72994 22093 8583 97605 89555 83361 22604 18307 5584 41063 27949 89430 146 25412 40063 49420 80363 93489 92156 96217 9654 56554 54762 86919 6397 57798 84173 27250 2905 12356 39822 71630 43522 27412 33859 98045 9714 40317 49899 27264 27760 30077 47279 12704 21554 41079 97062 40778 32671 56727 98487 84046 1912 90280 10150 57651 6389 84476 76995 96591 44340 99279 3979 44310 6979 63354 85278 96701 75724 13565 71561 58822 79738 46205 58925 55448 92749 60061 33653 76961 37476 64992 19907 36863 96952 45918 75991 21577 10327 33904 27420 95182 84472 48241 7734 86040 75948 1243 10192 77744 46354 46160 87088 2046 19043 82318 53354 82385 73489 46930 32036 25840 8331 9469 46935 60557 18269 51672 66544 764 97161 19158 49956 65264
768 9
56089 60741 37805 72168 88596 15314 51531 4042 60129
127 70
5569 39690 87014 94682 32286 32205 84053 43933 84019 44837 56487 48953 48383 86515 14794 91854 59081 4890 22991 88266 16266 5963 74849 4516 46453 45034 65688 29470 77496 77077 97215 23978 644 70799 810 86775 38766 70028 57721 24278 95687 301 52968 43812 73486 57398 17350 25641 70611 39232 24364 61415 99219 35806 24177 17651 55052 57174 61459 54155 66788 57417 46627 86514 8588 2696 2689 83532 53453 44471
